zt0chic	zt6chic	zt12chic	zt18chic
chr1_38185274_38188649	13	24	26	16
chr1_59026581_59031548	2	2	0	2
chr1_64735356_64738805	14	15	15	9
chr1_69149923_69156234	2	9	1	10
chr1_132606145_132614938	14	13	14	14
chr1_134035181_134036782	0	0	1	2
chr1_172797098_172804265	2	5	3	6
chr1_182570217_182576097	6	5	4	3
chr10_6370930_6373506	36	32	35	33
chr10_31163817_31167652	1	3	3	3
chr10_41993265_42018813	48	45	55	44
chr10_79788286_79805950	3	1	2	4
chr10_85755898_85767038	37	42	36	38
chr10_126697050_126704872	8	5	7	6
chr11_60035885_60036740	3	2	5	3
chr11_68908170_68909614	4	5	16	8
chr11_69757201_69762442	6	2	1	5
chr11_72989671_72991464	4	2	3	2
chr11_78361734_78367205	7	6	6	8
chr11_83935116_83944569	17	9	12	17
chr11_101162079_101169615	25	26	25	29
chr11_106858415_106864881	16	9	10	10
chr11_110112874_110118731	1	1	3	0
chr11_116353217_116359877	2	1	0	1
chr11_121097549_121100164	14	17	14	15
chr12_25388407_25400238	33	49	24	23
chr12_33500806_33507213	19	21	24	21
chr12_72037602_72039006	3	6	5	4
chr12_72930239_72934582	37	47	50	43
chr13_4272556_4280867	52	55	41	49
chr13_41086762_41106784	13	15	15	18
chr13_63063925_63072534	28	27	20	21
chr13_74073150_74075852	30	29	36	42
chr14_21289204_21302185	4	10	5	5
chr14_47450957_47453823	9	16	15	12
chr14_55172342_55173350	31	35	31	25
chr14_58508666_58515590	8	7	7	6
chr14_59819630_59823439	15	9	10	13
chr14_61664314_61665737	31	31	30	27
chr15_38587151_38592425	6	7	5	8
chr15_82105185_82106093	9	7	11	4
chr15_83194674_83198755	12	14	17	16
chr15_96528220_96532942	32	39	34	32
chr16_32421738_32433059	1	1	0	2
chr17_17510720_17511590	35	39	42	45
chr17_26642107_26655736	35	23	37	34
chr17_28994009_28996085	1	3	2	1
chr17_53985492_53985861	26	20	27	17
chr17_64942171_64956579	4	7	8	4
chr17_71529129_71536091	36	33	42	34
chr17_73183502_73188427	2	3	4	1
chr17_78596499_78603057	27	37	36	33
chr18_33617131_33624719	23	23	23	20
chr19_7278076_7288919	20	19	30	25
chr19_21725419_21729303	5	5	10	8
chr19_25032382_25040140	21	31	25	24
chr19_32559747_32563599	21	33	22	28
chr19_37277402_37285437	23	27	25	25
chr19_56621709_56625261	12	17	16	9
chr19_58526991_58538206	15	30	22	25
chr2_25217966_25225617	25	22	17	18
chr2_27530956_27534306	33	35	38	38
chr2_32388545_32396138	10	6	8	9
chr2_72069307_72072497	12	13	11	12
chr2_76511985_76514935	3	4	5	6
chr2_91295115_91306549	32	32	25	28
chr2_128767052_128771388	8	13	14	13
chr2_146837469_146839688	1	1	2	5
chr2_155413171_155426679	7	5	7	6
chr2_155552076_155557190	0	2	1	0
chr2_155640154_155653592	1	1	1	4
chr2_160188991_160193744	17	20	33	30
chr2_167243800_167248124	5	8	11	10
chr2_167507276_167517688	34	33	34	39
chr2_172977974_172979212	9	8	11	15
chr2_174296194_174300604	17	22	17	27
chr2_179776309_179778249	11	15	15	14
chr3_33975713_33981023	13	7	11	9
chr3_81731484_81737989	7	14	18	14
chr3_89576446_89581941	16	15	10	12
chr3_96071571_96083462	15	14	15	16
chr3_101406483_101409556	19	25	24	22
chr3_129235011_129238025	27	34	31	29
chr3_142193210_142194135	15	12	11	15
chr3_144380210_144387288	1	3	3	1
chr3_146061412_146068670	13	21	25	18
chr4_11001727_11003636	34	39	38	33
chr4_45418017_45421933	10	10	12	10
chr4_108131214_108134359	16	20	17	19
chr4_117552682_117562810	11	13	14	7
chr4_128734620_128736951	28	36	30	34
chr5_8657491_8661374	4	7	6	6
chr5_8893093_8898937	13	18	11	10
chr5_23917329_23936727	11	10	14	9
chr5_24080471_24083578	1	1	9	6
chr5_31351248_31367845	2	0	2	1
chr5_36806599_36808245	20	24	23	23
chr5_54388501_54392678	30	35	39	25
chr5_65826526_65831621	4	1	4	8
chr5_77727822_77740776	10	8	10	11
chr5_134654713_134663021	63	71	62	56
chr5_144661151_144675095	2	3	1	0
chr5_151320363_151325673	13	21	14	15
chr6_6154740_6175046	21	18	20	19
chr6_86341576_86351017	15	13	14	15
chr6_108608455_108611448	107	105	127	111
chr6_113646178_113648095	12	5	11	8
chr7_52956740_52963554	1	17	12	7
chr7_71075250_71085875	21	38	26	30
chr7_72788506_72795869	2	1	2	3
chr7_73251520_73255336	12	10	12	11
chr7_74789416_74797935	16	16	21	12
chr7_96539337_96554600	42	47	43	48
chr7_107124032_107129539	5	6	7	8
chr7_123584387_123588166	23	24	24	21
chr7_125846839_125865049	12	12	14	16
chr7_134156786_134165150	13	14	17	14
chr7_148064492_148070665	12	11	13	9
chr7_148632843_148646421	10	17	18	22
chr7_149100407_149105794	5	4	3	4
chr7_152118111_152126715	38	38	33	35
chr8_125134753_125135798	7	9	7	8
chr9_14304123_14312638	11	10	12	9
chr9_51769891_51773401	11	13	15	15
chr9_103265241_103268492	1	0	1	2
chr9_106181232_106184045	27	25	36	35
chr1_24682503_24737692	15	21	16	15
chr1_31004131_31007297	99	103	101	97
chr1_36124594_36127799	8	13	14	17
chr1_36425417_36426445	9	13	14	11
chr1_51533600_51536034	19	21	16	15
chr1_55108354_55114363	0	1	0	1
chr1_74282792_74283169	2	1	2	5
chr1_89748848_89749987	3	3	4	4
chr1_99556805_99559956	18	25	24	15
chr1_129760517_129771426	2	2	3	2
chr1_132624639_132627971	20	18	33	20
chr1_132627972_132628655	1	2	11	5
chr1_153181061_153194866	39	43	40	37
chr1_155582624_155588750	25	32	32	31
chr1_164826022_164835832	7	9	14	10
chr1_169152634_169154516	10	11	7	11
chr1_174066159_174080432	19	23	22	25
chr1_174190318_174193272	7	5	8	8
chr1_192748406_192749901	7	4	3	8
chr10_12588529_12592749	1	1	2	1
chr10_57251502_57253795	5	6	5	5
chr10_58681860_58687168	7	8	4	3
chr10_61177204_61179482	1	0	2	0
chr10_68671398_68676983	5	9	14	9
chr10_76874351_76882037	5	6	10	5
chr10_79721641_79726139	0	5	5	3
chr10_80126309_80139337	6	10	10	9
chr10_82292658_82298130	2	0	1	1
chr10_121062769_121063716	0	1	0	3
chr10_127806742_127813164	19	17	19	18
chr11_4530191_4538055	0	2	3	3
chr11_6173424_6174976	2	2	4	5
chr11_21269447_21279501	4	3	2	3
chr11_40540230_40549472	7	11	6	4
chr11_68674307_68686288	10	13	13	11
chr11_72419619_72435562	6	6	2	6
chr11_89885111_89892661	13	15	13	11
chr11_97489250_97492555	13	11	14	19
chr11_98898591_98904531	8	10	16	13
chr11_115023242_115030450	9	12	12	9
chr11_116514599_116517364	5	2	1	4
chr11_119088448_119098304	1	2	3	4
chr11_120285151_120303563	3	4	7	2
chr11_120793225_120802444	3	5	4	2
chr12_16596399_16597111	1	3	10	9
chr12_25363534_25371331	12	15	18	16
chr12_60114328_60128256	15	28	18	16
chr12_70825132_70830812	26	36	32	26
chr12_77498634_77507707	2	2	5	4
chr12_81357846_81363743	4	6	5	6
chr12_81889746_81895502	14	16	21	13
chr12_85746609_85750659	0	5	0	0
chr12_101756946_101763159	0	3	1	3
chr12_101962648_101964028	1	5	5	3
chr12_111837088_111840267	7	7	7	6
chr13_4038131_4048599	8	11	7	9
chr13_4226143_4235942	5	7	8	6
chr13_24851756_24857198	9	2	3	6
chr13_55543822_55552567	12	10	11	9
chr13_95050830_95060245	6	6	1	5
chr13_101414673_101421376	2	9	6	8
chr14_19067213_19072082	1	1	0	0
chr14_22650124_22651792	3	2	2	2
chr14_26501379_26514755	1	1	3	2
chr14_26575543_26589082	12	20	18	22
chr14_31937773_31944791	2	4	4	4
chr14_48086923_48094779	4	10	8	9
chr14_51700997_51711827	11	9	7	9
chr14_120674239_120675700	18	19	21	21
chr14_121304271_121314111	3	2	2	2
chr15_38941370_38946237	1	2	2	3
chr15_54749482_54752493	21	29	28	22
chr15_54902531_54912080	14	15	10	5
chr15_57960763_57967305	3	1	1	4
chr15_58243801_58252360	5	6	5	4
chr15_79164770_79189686	3	7	6	4
chr15_81631087_81654980	9	17	17	15
chr15_81686955_81694787	1	3	2	5
chr15_81702322_81703195	3	5	7	6
chr15_88691478_88696255	25	37	44	29
chr15_97613276_97616648	1	3	4	3
chr15_98659763_98663288	1	0	2	1
chr16_4886125_4889859	6	5	9	9
chr16_21945919_21965272	0	1	1	0
chr16_87695491_87701209	14	11	9	15
chr16_93825937_93835490	0	0	0	1
chr17_6131704_6134240	4	13	6	10
chr17_12961819_12965392	10	12	13	12
chr17_27977657_27995805	3	1	1	3
chr17_28652593_28654609	7	8	22	14
chr17_28658139_28660368	14	15	22	21
chr17_30138687_30145040	4	5	5	6
chr17_35959222_35968926	14	10	12	15
chr17_36116378_36117782	3	4	7	8
chr17_46780741_46793441	5	5	4	3
chr17_47141925_47150428	1	0	0	0
chr17_47637229_47639404	7	7	9	9
chr17_53705602_53711547	50	44	45	42
chr17_57071195_57075456	9	6	14	12
chr17_69730537_69735235	2	3	2	2
chr17_74298305_74303586	1	5	5	3
chr17_85069577_85087481	0	2	1	0
chr18_13099591_13100940	1	2	3	1
chr18_14938435_14944725	1	2	2	1
chr18_35089646_35092406	20	17	23	22
chr18_35821301_35829844	3	2	5	2
chr18_38575993_38581699	5	8	6	6
chr18_54017931_54023939	10	9	11	12
chr18_64640649_64651414	0	1	1	2
chr19_3321498_3326845	8	10	9	8
chr19_3698255_3710871	15	14	27	23
chr19_6303560_6324247	4	5	6	4
chr19_6993914_7005516	7	6	6	5
chr19_7045910_7054361	4	3	3	6
chr19_10674135_10682202	5	5	3	3
chr19_16852964_16856403	0	2	3	0
chr19_18704600_18706527	3	9	6	5
chr19_34821459_34822569	9	13	13	14
chr19_41058848_41069235	1	1	0	1
chr19_42221123_42228166	4	4	6	4
chr19_43854062_43858548	3	4	9	4
chr19_44180100_44182742	6	7	7	6
chr19_46467378_46471110	4	2	4	4
chr2_22923562_22925658	19	32	23	26
chr2_26785148_26789970	1	2	4	3
chr2_29781867_29793806	4	6	4	2
chr2_58418708_58420460	11	15	14	13
chr2_92273704_92274725	2	9	5	6
chr2_122051219_122065115	7	9	8	3
chr2_126695325_126709638	13	27	32	22
chr2_129618367_129628583	0	0	1	0
chr2_132520537_132528102	31	33	32	33
chr2_154958222_154961396	2	2	4	2
chr2_163328582_163336373	1	4	3	4
chr2_179840519_179854633	0	1	1	1
chr3_10364315_10368998	0	1	0	1
chr3_19061844_19064072	10	16	12	16
chr3_67379404_67389635	2	1	2	3
chr3_87706798_87711954	4	2	5	1
chr3_94937024_94939979	11	6	4	8
chr3_95683569_95686987	1	1	0	1
chr3_108247298_108254402	15	9	7	7
chr3_116508780_116513021	3	3	3	6
chr3_121121917_121132786	17	25	15	22
chr3_135145336_135150657	2	2	3	3
chr3_138736323_138753984	1	0	4	2
chr3_145649498_145660340	0	0	0	1
chr4_3604736_3618124	25	24	28	20
chr4_10932080_10937848	10	11	12	11
chr4_11117547_11119166	17	19	18	15
chr4_24823867_24827233	10	9	7	11
chr4_43006577_43023892	3	2	3	4
chr4_47349598_47370972	0	1	1	1
chr4_82960276_82973769	1	5	2	2
chr4_108450525_108458987	4	4	4	1
chr4_122638069_122639323	18	21	17	28
chr4_128663846_128669940	14	11	16	11
chr4_134404102_134411446	3	1	3	3
chr4_141428937_141438578	10	13	15	15
chr4_141566785_141571299	10	9	11	8
chr4_144832805_144842335	15	27	22	24
chr4_147961402_147977580	20	25	22	33
chr4_151380009_151391534	11	11	12	9
chr4_151544088_151558131	11	13	16	13
chr4_154930003_154951836	11	14	11	14
chr5_67695622_67699895	7	6	8	6
chr5_77379596_77382819	21	20	23	21
chr5_87329734_87336747	42	29	32	38
chr5_92933299_92939651	9	9	9	10
chr5_109120728_109129708	7	5	4	4
chr5_120913347_120940637	4	13	12	6
chr5_122723220_122735925	2	6	6	3
chr5_123517020_123518735	1	1	2	1
chr5_124131914_124134991	1	4	3	1
chr5_125078768_125080561	8	6	7	6
chr5_130499134_130505956	13	9	12	11
chr5_136106318_136113462	19	18	18	17
chr5_136142702_136146103	0	2	1	2
chr5_143103935_143123078	6	4	3	3
chr5_144995417_145009689	3	7	8	2
chr5_145713499_145734494	13	15	13	15
chr5_147041936_147048256	1	1	1	0
chr6_11850904_11860483	2	2	1	1
chr6_21795908_21804320	28	34	29	23
chr6_24537336_24551419	1	0	1	1
chr6_54544877_54548310	8	8	7	6
chr6_66841896_66847046	18	22	18	25
chr6_72046317_72052428	36	47	54	32
chr6_90317415_90324164	3	3	4	3
chr6_91417170_91426571	2	5	4	2
chr6_142418577_142423330	3	4	2	2
chr7_26021496_26033626	26	39	42	39
chr7_26437784_26451994	3	5	5	5
chr7_31909396_31922341	17	23	20	19
chr7_36368333_36383668	1	2	2	2
chr7_38891192_38897421	1	1	1	3
chr7_63085144_63105041	60	63	53	61
chr7_79442482_79452796	5	4	7	5
chr7_88850316_88852066	2	3	5	2
chr7_104552415_104571291	2	2	2	4
chr7_105499793_105515053	15	18	19	22
chr7_106288671_106290318	4	8	9	7
chr7_107373691_107380505	1	2	1	1
chr7_117264494_117267009	12	11	16	16
chr7_125719229_125733900	2	6	6	4
chr7_126669349_126670311	24	21	26	25
chr7_127816480_127824085	10	10	11	8
chr7_139798094_139804069	0	1	1	0
chr7_140121361_140126656	8	13	15	11
chr7_146099437_146102460	6	9	8	8
chr7_148040431_148045722	9	11	11	8
chr7_150929436_150949689	7	9	11	10
chr8_3493677_3512255	4	7	4	8
chr8_26859686_26870215	2	3	2	3
chr8_87512655_87525528	10	13	12	11
chr8_87595211_87599665	4	7	5	8
chr8_87604579_87611959	15	16	17	19
chr8_88075400_88080664	5	6	11	5
chr8_108487915_108491211	0	2	0	1
chr8_122097807_122099938	6	8	7	4
chr8_131209094_131212369	0	0	1	1
chr9_21313487_21316937	8	9	10	8
chr9_44138408_44170082	12	13	13	8
chr9_44201032_44206783	10	3	12	14
chr9_48792935_48795255	4	7	6	5
chr9_54431722_54435484	0	0	1	0
chr9_55174074_55183921	1	4	2	3
chr9_107489478_107493505	3	1	6	4
chr9_107569431_107571593	6	3	6	6
chr9_107873279_107896966	4	6	3	3
chr9_108470305_108481795	4	2	1	3
chr9_108549854_108560879	6	5	7	7
chr9_108682882_108707924	1	3	2	1
chr9_114593220_114599411	2	1	2	1
chr9_114834925_114844709	2	3	4	7
chr9_121205571_121209013	5	7	9	6
chrX_67718374_67731876	2	2	2	1
chrX_137130524_137137159	18	21	24	22
