0.7991630727272727,0.8020779090909091,0.8648871454545455,0.8514248909090909,0.816183781818182,0.8771616363636365,0.7820613636363637,0.8453630363636363,0.8041918727272728,0.7647133818181819,1.080246142857143,0.9952314047619049,1.0240126999999997,1.0469411585365853,1.1450803375,0.7838597090909092,0.8116232,0.9794394363636365,0.7193995454545455,0.6944250727272727,0.7650366727272727,0.7043472727272727,0.6081365818181819,1.0922684,0.777655509090909
0.0,0.8408346181818181,0.7898500909090905,0.7536083090909093,0.7766641636363638,0.8348084,0.9238258,0.817790509090909,0.831465909090909,0.9049199090909091,1.1258091904761902,1.0072669047619045,1.5686270609756099,1.0569580625000001,1.192717375,0.7918761454545455,0.6108403636363636,0.7999469636363635,0.7248487636363637,0.7504781454545454,0.8465089272727272,0.7361569636363636,0.8991531636363638,0.7240824727272728,0.8440456545454545
0.0,0.0,0.859527909090909,0.7597954727272728,0.8348691636363639,0.8311927272727273,0.8015300181818182,0.8288376545454547,0.7981125272727274,0.8112434181818181,1.1748017499999999,1.0527509880952381,1.0940935365853655,1.1135528749999999,1.2470195365853658,0.7222896181818184,0.6809470181818182,0.7408503090909091,0.8582104727272727,0.8155081818181819,0.5838388545454546,0.7830787272727274,0.6509030545454545,0.8800566727272728,0.7486035090909089
0.0,0.0,0.0,0.7500071090909091,0.8469904000000003,0.8428406181818182,0.8696388545454546,0.7868491090909091,1.0010191999999998,0.8517682,1.0398444404761906,1.064710780487805,1.186997095238095,1.0866744750000001,1.4438283902439026,0.7771619636363638,0.9012128545454545,0.9090746000000001,1.1079140545454544,1.0208814727272728,0.6901836181818183,0.874131472727273,0.7798186181818183,0.7213592909090907,1.0426422909090909
0.0,0.0,0.0,0.0,0.8834127272727273,0.7555562181818183,0.8087931818181817,0.8590509454545454,0.8227894727272728,0.7941217272727273,0.9896976904761904,1.0697351071428571,1.0694754047619046,1.0422557375000001,1.0749154146341462,1.5192217636363636,0.5810132909090909,0.8124078545454546,0.8302299636363637,0.8817927636363637,0.8017537272727274,0.6715818,0.6552733636363637,0.7351969454545455,0.6113882
0.0,0.0,0.0,0.0,0.0,0.8520446909090907,0.7804556181818183,0.8933637636363635,0.7764144727272727,0.8765212545454546,1.0105457142857144,1.0117890952380952,1.0705088214285714,1.2169088048780488,1.2190342682926831,0.7424001818181819,1.146263290909091,0.8761550545454545,0.8842492363636365,0.7699674909090909,0.774803690909091,0.9033356909090909,0.7477446363636363,0.6320534,0.6674458363636363
0.0,0.0,0.0,0.0,0.0,0.0,0.7464775454545455,0.9167977090909093,0.8679115454545454,0.8725550181818182,1.141536975609756,1.217305341463415,0.9940147874999997,1.1070942375,2.052406890243902,0.9594712363636364,0.7934455454545455,0.6512909272727273,0.6800085818181817,0.6337353454545455,0.6008488545454546,0.770931690909091,0.6569621818181818,0.5179109818181818,0.6867411454545455
0.0,0.0,0.0,0.0,0.0,0.0,0.0,0.8342781636363635,0.7712417818181819,0.7810670909090909,1.130448880952381,0.9617238452380954,1.1185545476190475,1.2106692073170733,1.2955501463414631,0.6471434909090911,0.8764407272727273,0.6559933818181821,0.6250453454545454,0.5841853636363636,0.8332518363636365,0.7579575818181817,0.6939828545454546,0.6106386181818182,0.6396193272727274
0.0,0.0,0.0,0.0,0.0,0.0,0.0,0.0,0.8017068181818182,0.9161685090909094,1.0102151219512194,0.9867623536585364,0.9524181574999998,1.1161609024390247,1.193678205128205,1.1048078363636364,0.7794341818181819,0.8730948181818184,0.7991158363636363,0.7454148,0.9050890909090908,0.7941315090909092,0.8073868909090909,0.7285236363636362,0.7620539272727274
0.0,0.0,0.0,0.0,0.0,0.0,0.0,0.0,0.0,0.7802630363636365,0.9742430357142859,0.9174872261904758,1.008053095238095,1.107106780487805,1.2383553452380955,0.7896666545454546,1.1582524727272727,0.9497251999999999,0.829101981818182,0.5982386545454546,0.5820792727272727,0.7662550181818181,0.6860949636363636,0.7151650909090909,0.6557179272727272
0.0,0.0,0.0,0.0,0.0,0.0,0.0,0.0,0.0,0.0,1.0370231190476191,1.0607840000000002,1.2081284523809523,1.2030480476190477,1.3277022976190476,1.64526594047619,1.6146780119047617,1.473560892857143,1.3145912073170731,1.3308723780487806,1.469171904761905,1.2389458333333334,1.388591141025641,1.1832203536585366,1.4662908333333333
0.0,0.0,0.0,0.0,0.0,0.0,0.0,0.0,0.0,0.0,0.0,1.1311111785714285,1.2055100952380953,1.2736122499999998,1.3191116904761906,1.3965204880952382,1.5887080487804877,1.4035578928571428,1.1784096904761905,1.1867894878048781,1.2311435243902438,1.1317547619047619,1.662392804878049,1.211038,1.3568900238095238
0.0,0.0,0.0,0.0,0.0,0.0,0.0,0.0,0.0,0.0,0.0,0.0,1.1420975357142857,1.1911277023809523,1.3010977976190476,1.426332523809524,1.3165728170731708,1.2657503902439027,1.1657387142857143,1.1443916785714288,1.1383222023809525,1.0602943902439024,1.3833269750000001,1.037911025,1.0689232976190475
0.0,0.0,0.0,0.0,0.0,0.0,0.0,0.0,0.0,0.0,0.0,0.0,0.0,1.1239143095238096,1.2026002023809523,1.2859635833333332,1.2252157317073167,1.1910844166666665,1.1290834404761905,0.9990977738095237,0.9519264390243901,0.9367558333333335,1.107339525,1.0566774285714284,0.9613811585365851
0.0,0.0,0.0,0.0,0.0,0.0,0.0,0.0,0.0,0.0,0.0,0.0,0.0,0.0,1.1139279642857143,1.1279335476190477,1.0406411547619048,1.041932630952381,1.0231368928571427,1.0158285357142858,0.9806430595238096,0.9321033690476194,1.0532533249999996,1.0614421428571428,1.0090877023809526
0.0,0.0,0.0,0.0,0.0,0.0,0.0,0.0,0.0,0.0,0.0,0.0,0.0,0.0,0.0,0.8054286,0.8012118909090907,0.8294078727272727,0.7891903454545454,0.8165030545454546,0.7588792727272725,0.8744832909090908,0.9057964545454545,0.7765686181818182,0.7274008363636363
0.0,0.0,0.0,0.0,0.0,0.0,0.0,0.0,0.0,0.0,0.0,0.0,0.0,0.0,0.0,0.0,0.8306308727272728,0.7409117818181817,0.8251925454545453,0.8020490181818182,0.8565146545454546,0.8934391454545453,0.8322359272727274,0.9499475454545456,0.8024373090909093
0.0,0.0,0.0,0.0,0.0,0.0,0.0,0.0,0.0,0.0,0.0,0.0,0.0,0.0,0.0,0.0,0.0,0.8602256545454545,0.8919286727272726,0.815638890909091,0.8652643272727271,0.8863704727272728,0.9273584727272728,0.8861970363636363,0.7713842727272727
0.0,0.0,0.0,0.0,0.0,0.0,0.0,0.0,0.0,0.0,0.0,0.0,0.0,0.0,0.0,0.0,0.0,0.0,0.7985135636363634,0.8671812181818181,0.8824137090909092,0.8668822909090911,0.8250767818181819,0.8452374000000001,0.8556901636363636
0.0,0.0,0.0,0.0,0.0,0.0,0.0,0.0,0.0,0.0,0.0,0.0,0.0,0.0,0.0,0.0,0.0,0.0,0.0,0.7907306909090909,0.8552118727272726,0.8514872909090911,1.1344244,0.8321875818181821,0.989400018181818
0.0,0.0,0.0,0.0,0.0,0.0,0.0,0.0,0.0,0.0,0.0,0.0,0.0,0.0,0.0,0.0,0.0,0.0,0.0,0.0,0.8060759636363636,0.9125120363636363,0.9783976727272728,0.8996145636363637,0.7658864727272727
0.0,0.0,0.0,0.0,0.0,0.0,0.0,0.0,0.0,0.0,0.0,0.0,0.0,0.0,0.0,0.0,0.0,0.0,0.0,0.0,0.0,0.8456601454545456,0.8082287636363635,0.7753581454545453,0.8085158181818181
0.0,0.0,0.0,0.0,0.0,0.0,0.0,0.0,0.0,0.0,0.0,0.0,0.0,0.0,0.0,0.0,0.0,0.0,0.0,0.0,0.0,0.0,0.7449441272727272,0.7897730363636364,0.8383301272727274
0.0,0.0,0.0,0.0,0.0,0.0,0.0,0.0,0.0,0.0,0.0,0.0,0.0,0.0,0.0,0.0,0.0,0.0,0.0,0.0,0.0,0.0,0.0,0.8717220727272726,0.8708531454545454
0.0,0.0,0.0,0.0,0.0,0.0,0.0,0.0,0.0,0.0,0.0,0.0,0.0,0.0,0.0,0.0,0.0,0.0,0.0,0.0,0.0,0.0,0.0,0.0,0.808131109090909
