1.26205,0.9094700000000001,1.24528,1.05975,1.01836,0.9828969999999999,0.9613229999999999,0.8968799999999999,1.0299,1.1830399999999999,1.08742,1.08742,1.08742,1.08742,1.08742,1.67136,0.89984,1.0648,0.748271,0.7931279999999999,0.670268,0.6408,0.961161,0.993964,0.88082
0.0,1.14394,1.09207,1.22001,0.9056280000000001,0.954183,0.9946659999999999,1.02526,0.9707,1.0065899999999999,1.2071749999999999,1.2071749999999999,1.2071749999999999,1.2071749999999999,1.2071749999999999,1.16772,1.13426,0.823018,1.13259,0.556085,0.730376,0.931792,0.977485,0.8093600000000001,0.8547530000000001
0.0,0.0,1.202,1.01162,1.05306,1.03741,1.14089,1.0326,0.9939610000000001,1.07477,1.20232,1.20232,1.20232,1.20232,1.20232,0.688846,1.06093,0.9291020000000001,1.09002,0.872235,0.735935,0.745683,0.7538060000000001,0.753447,0.701436
0.0,0.0,0.0,1.1154600000000001,1.02987,1.05,1.18369,0.9409850000000001,1.0206899999999999,0.933865,1.16029,1.16029,1.16029,1.16029,1.16029,0.750708,1.05477,1.2581799999999999,1.07846,0.795269,0.968219,0.674707,0.8966069999999999,0.9492280000000001,0.698921
0.0,0.0,0.0,0.0,1.23442,1.05223,1.12435,1.09222,1.089,1.12636,1.29481,1.29481,1.29481,1.29481,1.29481,0.9315959999999999,1.0295299999999998,1.26235,0.9284680000000001,0.9116879999999999,0.9272540000000001,0.938256,1.00481,1.26979,1.42859
0.0,0.0,0.0,0.0,0.0,1.05666,1.41734,1.23565,1.20636,1.31952,1.44494,1.44494,1.44494,1.44494,1.44494,1.12716,1.2605,0.938976,1.04975,0.9791559999999999,1.07883,0.886066,1.0438,1.08736,1.02562
0.0,0.0,0.0,0.0,0.0,0.0,1.1089,0.9079370000000001,1.20623,1.02686,1.42252,1.42252,1.42252,1.42252,1.42252,1.0710899999999999,1.25463,0.9254879999999999,0.996633,1.21458,1.32612,0.9904299999999999,1.07429,1.33426,1.29673
0.0,0.0,0.0,0.0,0.0,0.0,0.0,1.0830600000000001,1.0914700000000002,1.2751700000000001,1.33997,1.33997,1.33997,1.33997,1.33997,1.15988,0.9341729999999999,0.79945,1.11863,0.6541859999999999,0.8381,0.9341290000000001,0.81301,1.1543299999999999,1.32445
0.0,0.0,0.0,0.0,0.0,0.0,0.0,0.0,1.1578899999999999,1.25958,1.11653,1.11653,1.11653,1.11653,1.11653,1.17174,1.29475,1.1177700000000002,0.763149,1.338,0.9831290000000001,0.987317,0.838152,1.24817,1.20384
0.0,0.0,0.0,0.0,0.0,0.0,0.0,0.0,0.0,1.0690899999999999,1.11459,1.11459,1.11459,1.11459,1.11459,0.873346,1.07364,1.06345,1.02575,0.84741,0.68162,1.1527399999999999,0.862617,1.36243,1.06768
0.0,0.0,0.0,0.0,0.0,0.0,0.0,0.0,0.0,0.0,1.14602,nan,nan,nan,nan,0.888259,1.19755,1.15478,0.921149,1.11944,0.998295,0.995693,1.29463,1.01131,1.17577
0.0,0.0,0.0,0.0,0.0,0.0,0.0,0.0,0.0,0.0,0.0,1.14602,nan,nan,nan,0.888259,1.19755,1.15478,0.921149,1.11944,0.998295,0.995693,1.29463,1.01131,1.17577
0.0,0.0,0.0,0.0,0.0,0.0,0.0,0.0,0.0,0.0,0.0,0.0,1.14602,nan,nan,0.888259,1.19755,1.15478,0.921149,1.11944,0.998295,0.995693,1.29463,1.01131,1.17577
0.0,0.0,0.0,0.0,0.0,0.0,0.0,0.0,0.0,0.0,0.0,0.0,0.0,1.14602,nan,0.888259,1.19755,1.15478,0.921149,1.11944,0.998295,0.995693,1.29463,1.01131,1.17577
0.0,0.0,0.0,0.0,0.0,0.0,0.0,0.0,0.0,0.0,0.0,0.0,0.0,0.0,1.14602,0.888259,1.19755,1.15478,0.921149,1.11944,0.998295,0.995693,1.29463,1.01131,1.17577
0.0,0.0,0.0,0.0,0.0,0.0,0.0,0.0,0.0,0.0,0.0,0.0,0.0,0.0,0.0,0.9611790000000001,0.8636870000000001,1.02399,0.974512,1.34425,0.860406,1.16962,1.29096,1.07005,0.994711
0.0,0.0,0.0,0.0,0.0,0.0,0.0,0.0,0.0,0.0,0.0,0.0,0.0,0.0,0.0,0.0,1.18062,1.18095,1.04912,1.06582,1.1762,1.05062,1.19975,1.21902,1.1396899999999999
0.0,0.0,0.0,0.0,0.0,0.0,0.0,0.0,0.0,0.0,0.0,0.0,0.0,0.0,0.0,0.0,0.0,1.2041,0.931989,1.03095,1.06808,1.19165,1.16418,1.12459,1.286
0.0,0.0,0.0,0.0,0.0,0.0,0.0,0.0,0.0,0.0,0.0,0.0,0.0,0.0,0.0,0.0,0.0,0.0,1.22845,1.05729,0.9197120000000001,1.12214,1.47088,1.14331,1.24575
0.0,0.0,0.0,0.0,0.0,0.0,0.0,0.0,0.0,0.0,0.0,0.0,0.0,0.0,0.0,0.0,0.0,0.0,0.0,1.16855,1.12558,1.04583,1.1558700000000002,1.44211,0.941729
0.0,0.0,0.0,0.0,0.0,0.0,0.0,0.0,0.0,0.0,0.0,0.0,0.0,0.0,0.0,0.0,0.0,0.0,0.0,0.0,1.1805700000000001,1.0305600000000001,1.1496,1.20949,1.1233799999999998
0.0,0.0,0.0,0.0,0.0,0.0,0.0,0.0,0.0,0.0,0.0,0.0,0.0,0.0,0.0,0.0,0.0,0.0,0.0,0.0,0.0,1.0611899999999999,1.09176,1.08461,0.945514
0.0,0.0,0.0,0.0,0.0,0.0,0.0,0.0,0.0,0.0,0.0,0.0,0.0,0.0,0.0,0.0,0.0,0.0,0.0,0.0,0.0,0.0,1.10535,0.958741,0.8962319999999999
0.0,0.0,0.0,0.0,0.0,0.0,0.0,0.0,0.0,0.0,0.0,0.0,0.0,0.0,0.0,0.0,0.0,0.0,0.0,0.0,0.0,0.0,0.0,1.18482,1.03872
0.0,0.0,0.0,0.0,0.0,0.0,0.0,0.0,0.0,0.0,0.0,0.0,0.0,0.0,0.0,0.0,0.0,0.0,0.0,0.0,0.0,0.0,0.0,0.0,1.2143899999999999
