25.088023000000003,29.012270000000001,25.363423999999998,24.499907999999998,24.779678000000001,27.974043999999999,26.609445999999998,29.773989,30.250808000000003,27.075054999999999,23.811684999999997,19.359047,19.868462999999998,20.2670675,24.587930499999999,28.162222000000003,28.375519000000001,22.720133000000001,18.184544000000002,22.888466999999999,25.674308,22.942981000000003,20.873469,34.673281000000003,21.909444999999998
0,22.75469,23.973206999999999,26.645353999999998,32.479087,27.313538999999999,33.842190000000002,34.367879000000002,30.997768000000001,31.254980999999997,24.289173000000002,20.594509500000001,23.639400499999997,31.080498500000001,35.8158295,24.999579000000001,23.040979999999998,24.517410999999999,23.900424999999998,25.968598,15.395375999999999,23.063185000000004,15.099504,20.692664000000001,88.63758
0,0,27.878836,28.009101000000001,27.659106999999999,27.703704000000002,31.978719999999999,25.854246,31.767256,33.661142999999996,26.268086999999998,21.422173999999998,24.984633000000002,27.497506999999999,34.605393999999997,32.963127,25.178418000000001,26.240010999999999,22.799033999999999,26.620165999999998,21.706,25.121132999999997,24.098199000000001,23.744158000000002,26.877469000000001
0,0,0,28.381383999999997,27.103050999999997,31.852021999999998,27.292466000000001,28.434017000000001,32.022828000000004,31.858695000000001,23.933593500000001,18.763534,19.096494,22.817543000000001,31.3830715,24.173514999999995,38.782060999999999,37.202807999999997,27.014603999999999,21.146919,25.645368999999999,22.897027999999999,21.655535,23.272624999999998,25.517599999999998
0,0,0,0,25.024010999999998,27.938400999999999,29.386490000000002,26.657678000000001,26.783065000000001,32.964531000000001,23.290825500000004,19.813247,20.846746,24.7693975,27.738107000000003,29.372157999999999,24.809936,28.893304000000001,27.623774000000001,21.895543,20.679572,24.384245,21.918444000000001,19.137916000000001,29.679705999999999
0,0,0,0,0,23.973036,23.717814999999998,27.052121,28.703052,26.396298999999999,28.524641999999997,20.981265,21.891248500000003,26.458785500000001,34.228559000000004,32.661115000000002,40.644703999999997,19.929561999999997,19.549973999999999,38.088471999999996,20.531948,24.582350000000002,19.434834000000002,44.591557999999992,13.740666999999998
0,0,0,0,0,0,24.860073999999997,23.390546999999998,27.485696000000001,25.778767999999999,24.527119500000001,22.213024500000003,24.810753999999999,30.102037500000002,35.505598000000006,29.480560999999998,29.867908,20.677849000000002,22.898197,23.076459,27.634926000000004,21.704993000000002,17.07544,46.553971999999995,28.410547000000001
0,0,0,0,0,0,0,25.150354000000004,25.270893999999998,27.834782000000001,24.650339499999998,19.593029000000001,21.679524499999999,57.720688000000003,36.2811965,25.600252999999999,21.340166,23.050478999999999,28.661497000000001,22.605197,23.215150000000001,25.483361000000002,39.024552999999997,26.146622000000001,20.002450999999997
0,0,0,0,0,0,0,0,25.315238000000004,24.299969000000001,24.823374000000001,19.250109500000001,26.408363499999997,27.873141499999996,34.077000499999997,32.592621000000001,27.571135000000002,27.299384,21.735310000000002,23.458909000000002,18.994691,26.382291000000002,20.312942,22.705027999999999,24.709363999999997
0,0,0,0,0,0,0,0,0,27.461386000000001,21.537727999999998,18.640204999999998,21.344403,25.593927499999999,30.967811999999999,25.920108999999997,24.611424999999997,22.474665999999999,19.283207999999998,27.322535000000002,22.801506000000003,16.502407999999999,22.270149,29.978793000000003,21.795172000000001
0,0,0,0,0,0,0,0,0,0,24.119640499999999,24.000899499999999,26.740145000000002,33.311476000000006,41.378621500000001,47.182486000000004,47.045926000000009,39.653266499999994,37.508057999999998,33.208140499999999,32.104834499999996,31.535303500000001,36.257893000000003,40.516979500000005,64.861665500000015
0,0,0,0,0,0,0,0,0,0,0,26.7757395,31.098147000000001,36.1210235,46.428483,49.815274000000002,46.038354500000004,39.195910500000004,36.885006500000003,36.242082499999995,34.354275999999999,34.6653235,33.580776,34.628727500000004,50.535406999999992
0,0,0,0,0,0,0,0,0,0,0,0,28.287036499999999,31.584807500000004,39.952152000000005,43.836966000000004,36.534002000000001,32.346747499999999,31.561038000000003,28.869346499999999,29.850739500000003,27.4491485,35.482437499999996,31.795112500000002,40.555771
0,0,0,0,0,0,0,0,0,0,0,0,0,28.191827499999999,33.073128000000004,31.895129499999999,31.418752999999999,27.926913000000003,22.417865500000001,23.757019999999997,24.226804999999999,21.749264,18.670990499999998,23.302965,34.128813000000001
0,0,0,0,0,0,0,0,0,0,0,0,0,0,28.057457500000002,25.9552795,24.422273999999998,26.798351500000003,22.235726,20.436103500000002,19.368453500000001,20.7113665,17.721970500000001,24.406410499999996,21.609134499999996
0,0,0,0,0,0,0,0,0,0,0,0,0,0,0,27.755693999999998,25.096705,22.667760000000001,27.359797999999998,22.469331,21.943891000000001,22.096171999999999,20.920335000000001,22.181141999999998,25.574074000000003
0,0,0,0,0,0,0,0,0,0,0,0,0,0,0,0,27.164067000000003,25.514777000000002,25.219686999999997,26.603287999999999,25.490231999999999,25.606854999999999,24.719511000000001,28.748654000000002,20.162695000000003
0,0,0,0,0,0,0,0,0,0,0,0,0,0,0,0,0,25.176493999999998,25.539949,26.076788000000001,25.514821000000001,24.977371000000002,27.052567,28.492809999999999,30.094843000000001
0,0,0,0,0,0,0,0,0,0,0,0,0,0,0,0,0,0,25.244137000000002,27.316523,28.072507999999999,28.381311999999998,29.372809999999998,31.884378000000002,32.421880999999999
0,0,0,0,0,0,0,0,0,0,0,0,0,0,0,0,0,0,0,24.344605999999999,27.083444,27.241143999999998,31.387205999999999,31.010055000000001,33.994162000000003
0,0,0,0,0,0,0,0,0,0,0,0,0,0,0,0,0,0,0,0,28.852176,25.055959000000001,28.329841999999999,28.465718000000003,35.422281000000005
0,0,0,0,0,0,0,0,0,0,0,0,0,0,0,0,0,0,0,0,0,25.759627000000002,25.142720000000001,29.135728999999998,32.592435000000002
0,0,0,0,0,0,0,0,0,0,0,0,0,0,0,0,0,0,0,0,0,0,25.505163000000003,27.472307999999998,29.037569999999999
0,0,0,0,0,0,0,0,0,0,0,0,0,0,0,0,0,0,0,0,0,0,0,25.992919000000001,25.709510000000002
0,0,0,0,0,0,0,0,0,0,0,0,0,0,0,0,0,0,0,0,0,0,0,0,26.583185
