1.02105,0.90115149999999988,0.96626000000000012,1.0328349999999999,0.93983050000000001,0.97090500000000002,1.2608950000000001,0.98356149999999998,1.1014849999999998,1.046235,0.78745600000000004,0.69390350000000001,0.72009374999999998,0.77653099999999986,0.99609750000000008,0.6052845,0.2773505,0.66769199999999995,0.33225199999999999,0.75038799999999994,0.43034450000000002,0.50434699999999999,0.66561899999999996,0.0,0.23622699999999999
0.0,1.0616349999999999,1.0442499999999999,1.0388700000000002,1.0322249999999999,1.2139549999999999,0.91841749999999989,0.88738250000000007,1.0701550000000002,0.99515599999999993,0.88783799999999991,0.67686099999999993,0.661551,0.71277400000000002,1.0056145000000001,0.35669200000000001,0.75824099999999994,0.46961849999999999,0.0,0.50963599999999998,0.59190100000000001,0.0,0.34018100000000007,0.4379845,0.79632949999999991
0.0,0.0,1.0604399999999998,1.0017099999999999,0.98298900000000011,1.09111,0.86904150000000002,0.88527749999999994,0.97575999999999996,0.83023950000000002,0.87748899999999996,0.66411100000000001,0.63541700000000001,0.83254099999999998,0.92933599999999994,0.4532755,0.32718799999999998,0.38955499999999998,0.76638650000000008,0.76699899999999999,0.60469450000000002,0.41932150000000001,0.410217,0.42292850000000004,0.62809399999999993
0.0,0.0,0.0,1.10453,0.83370049999999996,1.0256500000000002,0.9842344999999999,0.88958699999999991,1.0463045,1.0710999999999999,0.85486499999999999,0.63317200000000007,0.69960849999999997,0.77121850000000003,0.94010649999999996,0.818828,0.61841450000000009,0.81211999999999995,0.90332900000000005,0.81585449999999993,0.150396,0.54272150000000008,0.57816100000000004,0.58894449999999998,0.45114549999999998
0.0,0.0,0.0,0.0,1.048235,1.028125,1.01912,1.0297749999999999,0.95724950000000009,1.0707249999999999,0.93970400000000009,0.67717499999999997,0.61333250000000006,0.79184750000000004,1.02947275,0.89598199999999995,0.37476949999999998,0.63157949999999996,0.46419100000000002,0.158524,0.41229399999999999,0.53379500000000002,0.3964705,0.16599249999999999,0.71171050000000002
0.0,0.0,0.0,0.0,0.0,0.95263900000000001,1.1137600000000001,1.0671550000000001,1.0032049999999999,1.0570050000000002,0.89406600000000003,0.72487299999999999,0.63045499999999999,0.80830899999999994,0.87134700000000009,0.68233750000000004,0.7087,0.63761850000000009,0.63397450000000011,0.35474099999999997,0.53332049999999998,0.59431,0.42623299999999997,0.51316349999999999,0.59158850000000007
0.0,0.0,0.0,0.0,0.0,0.0,0.98384649999999996,0.93214249999999998,1.0632250000000001,1.0964700000000001,0.78300800000000004,0.64896200000000004,0.64662449999999994,0.87063374999999998,0.88107899999999995,0.55123999999999995,0.59142699999999992,0.94306849999999998,0.84092999999999996,0.65769199999999994,0.25890150000000001,0.48293199999999992,0.6138285,0.82646799999999998,0.148864
0.0,0.0,0.0,0.0,0.0,0.0,0.0,1.04081,1.13513,1.0479750000000001,0.80297200000000002,0.67614400000000008,0.65245850000000005,0.83376150000000004,1.06562,0.68515649999999995,0.43084699999999998,0.71167000000000002,0.54676600000000009,0.70254700000000003,0.46425300000000003,0.7402105000000001,0.41435650000000002,0.78223149999999997,0.42543149999999996
0.0,0.0,0.0,0.0,0.0,0.0,0.0,0.0,1.0075699999999999,0.94220150000000003,0.89203600000000005,0.79053999999999991,0.73579150000000004,0.88516000000000006,1.125275,0.7125760000000001,0.49855150000000004,0.68078850000000002,0.48253250000000003,0.82491849999999989,0.34555150000000001,0.48772949999999998,0.57661800000000007,0.56386449999999999,0.50843799999999995
0.0,0.0,0.0,0.0,0.0,0.0,0.0,0.0,0.0,1.04881,0.8500525000000001,0.72138250000000004,0.75108550000000007,0.83654400000000007,1.1345299999999998,0.78344250000000004,0.81457500000000005,0.78156950000000003,0.78238249999999998,0.65016150000000006,0.62371050000000006,0.70152300000000001,0.93330950000000001,0.50744350000000005,0.33605600000000002
0.0,0.0,0.0,0.0,0.0,0.0,0.0,0.0,0.0,0.0,0.9540472499999999,0.89781250000000001,0.96214624999999998,1.037506,1.2969349999999999,1.48041325,1.4308450000000001,1.2976375,1.2514449999999999,1.4690650000000001,1.2276825,1.2289000000000001,1.1249500000000001,1.11172425,1.0769820000000001
0.0,0.0,0.0,0.0,0.0,0.0,0.0,0.0,0.0,0.0,0.0,1.0157149999999999,1.0127325,1.2426649999999999,1.4013650000000002,1.3507899999999999,1.3969325000000001,1.1868325,1.3228274999999998,1.2358199999999999,1.3384200000000002,1.06989,1.0888575,1.0888,0.97531450000000008
0.0,0.0,0.0,0.0,0.0,0.0,0.0,0.0,0.0,0.0,0.0,0.0,1.033895,1.12347,1.2287725,1.3066949999999999,1.0266777499999999,1.1535275,1.2430299999999999,1.0043350000000002,1.2057599999999999,0.94056800000000007,0.89998325000000001,0.78680075000000005,0.80037000000000003
0.0,0.0,0.0,0.0,0.0,0.0,0.0,0.0,0.0,0.0,0.0,0.0,0.0,1.0453275,1.0386225000000002,1.0009472499999998,1.0343439999999999,1.037669,0.96505600000000014,0.96190449999999994,0.90149599999999996,0.80066400000000004,0.68193725000000005,0.73875574999999993,0.74264050000000004
0.0,0.0,0.0,0.0,0.0,0.0,0.0,0.0,0.0,0.0,0.0,0.0,0.0,0.0,1.0781725,1.0124525,1.0281199999999999,0.91200000000000003,0.85155399999999992,0.91387649999999998,0.87427650000000001,0.70461499999999999,0.53609825,0.63474200000000003,0.67895925000000001
0.0,0.0,0.0,0.0,0.0,0.0,0.0,0.0,0.0,0.0,0.0,0.0,0.0,0.0,0.0,1.0278350000000001,1.0706850000000001,0.92204350000000002,0.92998700000000001,0.79175200000000001,0.74845349999999999,0.75168400000000002,0.62007800000000002,0.62491150000000006,0.65301799999999999
0.0,0.0,0.0,0.0,0.0,0.0,0.0,0.0,0.0,0.0,0.0,0.0,0.0,0.0,0.0,0.0,1.0278399999999999,0.93572800000000012,0.98859699999999995,0.88721099999999997,0.75394649999999996,0.76653300000000002,0.67955350000000003,0.63608400000000009,0.60187600000000008
0.0,0.0,0.0,0.0,0.0,0.0,0.0,0.0,0.0,0.0,0.0,0.0,0.0,0.0,0.0,0.0,0.0,1.0642400000000001,1.07944,0.98716200000000009,0.8687275000000001,0.78999149999999996,0.81968700000000005,0.81963849999999994,0.87072299999999991
0.0,0.0,0.0,0.0,0.0,0.0,0.0,0.0,0.0,0.0,0.0,0.0,0.0,0.0,0.0,0.0,0.0,0.0,0.99865999999999999,0.920516,0.84358949999999999,0.85913200000000001,0.79557649999999991,0.79126549999999995,0.90663749999999999
0.0,0.0,0.0,0.0,0.0,0.0,0.0,0.0,0.0,0.0,0.0,0.0,0.0,0.0,0.0,0.0,0.0,0.0,0.0,0.97547200000000012,0.93309500000000001,1.0440399999999999,0.86907500000000004,0.83496649999999994,0.80810749999999998
0.0,0.0,0.0,0.0,0.0,0.0,0.0,0.0,0.0,0.0,0.0,0.0,0.0,0.0,0.0,0.0,0.0,0.0,0.0,0.0,0.98188399999999998,1.087415,0.84217799999999998,0.88899649999999997,0.94545650000000014
0.0,0.0,0.0,0.0,0.0,0.0,0.0,0.0,0.0,0.0,0.0,0.0,0.0,0.0,0.0,0.0,0.0,0.0,0.0,0.0,0.0,1.1274350000000002,0.98121950000000002,0.95079500000000006,0.918512
0.0,0.0,0.0,0.0,0.0,0.0,0.0,0.0,0.0,0.0,0.0,0.0,0.0,0.0,0.0,0.0,0.0,0.0,0.0,0.0,0.0,0.0,1.0508649999999999,1.004345,1.0952549999999999
0.0,0.0,0.0,0.0,0.0,0.0,0.0,0.0,0.0,0.0,0.0,0.0,0.0,0.0,0.0,0.0,0.0,0.0,0.0,0.0,0.0,0.0,0.0,1.0037820000000002,0.95004049999999995
0.0,0.0,0.0,0.0,0.0,0.0,0.0,0.0,0.0,0.0,0.0,0.0,0.0,0.0,0.0,0.0,0.0,0.0,0.0,0.0,0.0,0.0,0.0,0.0,1.0031315000000001
