0.8675116736736737,0.858367022022022,0.8752572532532532,0.8678320210210211,0.8769630940940941,0.8549276117117117,0.8522452373373374,0.8574658638638639,0.8937837892892894,0.9109694164164165,1.051259387797619,1.0026574284523808,1.0108281267344497,0.9968190461859356,1.0421864455794503,0.8733294273273273,0.8587391626626627,0.858784229029029,0.8624479017017017,0.8415379077077076,0.8389635300300302,0.8148332283283283,0.8469560234234234,0.8256158524524525,0.8615625152152152
0.0,0.8686084854854854,0.8762984274274275,0.8723096046046047,0.8634053343343343,0.8643674213213213,0.8616126766766767,0.868650810910911,0.8812670610610611,0.8980474056056057,1.0496411982164089,0.9924827781883194,0.9946325969010726,0.9989984808700835,1.0363639996402876,0.8547852943943943,0.8530308407407406,0.8647345253253254,0.8451219184184184,0.8437415313313312,0.8712457985985986,0.8380314141141142,0.85794297007007,0.8611819246246246,0.8484376996996996
0.0,0.0,0.8713974964964966,0.8624896488488489,0.867166957957958,0.8665013733733734,0.866728548848849,0.8672924044044046,0.8917496446446447,0.9282819445445446,1.052463068127962,0.9885576212930012,0.9839756201545778,1.003762619395018,1.041367851966627,0.8792717794794795,0.8964881177177177,0.8633140887887888,0.867903375975976,0.8359866776776778,0.8508848656656657,0.8415175284284285,0.8515864566566566,0.8627213648648648,0.8458693280280281
0.0,0.0,0.0,0.8705363753753754,0.8821736326326326,0.8804764494494494,0.8783233913913914,0.8788456266266267,0.8880850010010009,0.9227831736736737,1.0342557352906288,0.9723885463182899,0.9815864457142858,0.9991647344827587,1.040091135238095,0.8593255294294294,0.8705276935935936,0.8663076998998999,0.8651537400400401,0.8303373535535535,0.8834875574574574,0.8539628545545546,0.864074088088088,0.8445972300300301,0.8719038354354355
0.0,0.0,0.0,0.0,0.8738237407407408,0.8616062982982983,0.885039007007007,0.8750182192192192,0.8857824224224224,0.9108224334334334,1.024769675712589,0.9664058985731272,0.9923577551312649,1.0103403564958284,1.0439782812872467,0.843893532932933,0.8628859889889889,0.8620296771771772,0.8605789274274275,0.8623662607607607,0.839152852052052,0.8419943980980981,0.8460731151151151,0.8574968144144144,0.8361215451451451
0.0,0.0,0.0,0.0,0.0,0.8733792702702703,0.8719586846846847,0.8695638608608609,0.8789282892892892,0.9007139449449449,1.001017984839477,0.9481193050059594,0.9599969230585425,0.9920548959523809,1.0406553478494622,0.8726144954954956,0.8601254616616616,0.8399154922922922,0.855620460960961,0.8309463233233234,0.8703787055055056,0.8448770825825827,0.8528181033033032,0.8533193762762763,0.8214540237237237
0.0,0.0,0.0,0.0,0.0,0.0,0.8624327767767768,0.8649889709709709,0.8849137947947947,0.9023395535535536,1.0024808135552912,0.9612069202863961,0.9775687863636362,0.996721994868735,1.0523744586618877,0.8601530952952953,0.8567402518518519,0.8580246480480481,0.8511504990990991,0.837725502002002,0.8920681826826827,0.8418827282282282,0.8507183496496497,0.8478463599599599,0.8321829001001002
0.0,0.0,0.0,0.0,0.0,0.0,0.0,0.8698712752752752,0.8758717957957959,0.8909286586586587,0.9881278479240807,0.9455667843043996,0.9639807324582339,0.9973005197619048,1.0500548334128879,0.864532419019019,0.8557494634634635,0.877891941941942,0.8456483916916917,0.8550594374374374,0.8484618840840842,0.8404793974974974,0.852424024924925,0.8643668744744745,0.8494686444444445
0.0,0.0,0.0,0.0,0.0,0.0,0.0,0.0,0.8668567197197198,0.8708989279279279,0.9732933228672985,0.9325320433491686,0.9715726786904761,0.9964420426872771,1.0544367735714286,0.8923242951951951,0.904190841841842,0.8750890852852853,0.8650418339339339,0.8666709412412412,0.8550421502502502,0.8536530795795796,0.8746165218218219,0.8879688122122122,0.8437784699699699
0.0,0.0,0.0,0.0,0.0,0.0,0.0,0.0,0.0,0.8693071361361361,0.9653670847387174,0.9273502697619048,0.9511271367541766,1.0045791051909307,1.076512312947494,0.8709131416416416,0.8819352345345345,0.8647694286286286,0.8695295504504506,0.8703156518518518,0.8544245791791792,0.8559467594594595,0.8672920761761762,0.8612933896896897,0.8440481885885887
0.0,0.0,0.0,0.0,0.0,0.0,0.0,0.0,0.0,0.0,1.00231205346651,0.9869261394117648,1.0479935778301888,1.0939451414605417,1.1863696378394333,1.121392356227758,1.0776991540332148,1.0719549113825984,1.0799608279569892,1.0828354880838325,1.088868076011905,1.0775898250893923,1.082217027267303,1.0909865131578946,1.077950811497006
0.0,0.0,0.0,0.0,0.0,0.0,0.0,0.0,0.0,0.0,0.0,1.0204858488235293,1.0534638655660378,1.1149990608951708,1.1843830213695394,1.084216532485207,1.0414883204733727,1.0284814493467933,1.049012374045346,1.0546661068779906,1.0560735450536354,1.0535950077751195,1.0402099330154948,1.0314801349045346,1.0181941231780167
0.0,0.0,0.0,0.0,0.0,0.0,0.0,0.0,0.0,0.0,0.0,0.0,1.0251099016489988,1.0701372473498234,1.1100667827626918,1.0340339662322275,0.9905734765124555,0.9868923178571429,1.0077094456391875,1.0192398071087216,1.0044460654946366,1.0145032487470167,0.9985026256272401,1.0022391697494035,1.0038230665471923
0.0,0.0,0.0,0.0,0.0,0.0,0.0,0.0,0.0,0.0,0.0,0.0,0.0,1.0263472264705882,1.047833621462264,0.9998158085106383,0.9492151713862559,0.9548134457142856,0.9612389242243435,0.9831677311827957,0.9632039881093936,0.9729484503575686,0.975922479642857,0.9919930993436755,0.9791333272076373
0.0,0.0,0.0,0.0,0.0,0.0,0.0,0.0,0.0,0.0,0.0,0.0,0.0,0.0,1.017894154481132,0.9629622423167847,0.9221939952662722,0.925303481904762,0.946729494636472,0.9571224126794258,0.9598707875,0.954467561547619,0.9628846220238096,0.9822994878281623,0.9689822940262844
0.0,0.0,0.0,0.0,0.0,0.0,0.0,0.0,0.0,0.0,0.0,0.0,0.0,0.0,0.0,0.8627131961961961,0.8534782244244244,0.8819304164164163,0.899511017017017,0.9036667657657658,0.8888932415415417,0.895433946946947,0.8922792559559559,0.8879732687687688,0.88803031001001
0.0,0.0,0.0,0.0,0.0,0.0,0.0,0.0,0.0,0.0,0.0,0.0,0.0,0.0,0.0,0.0,0.8685290280280281,0.8814532112112112,0.9056326446446447,0.8913936706706708,0.8797468068068068,0.8900589653653653,0.8760825034034034,0.8872447772772772,0.8838042275275275
0.0,0.0,0.0,0.0,0.0,0.0,0.0,0.0,0.0,0.0,0.0,0.0,0.0,0.0,0.0,0.0,0.0,0.8705234914914914,0.8830341421421422,0.8634054554554554,0.8473677497497498,0.8560633983983984,0.8472711398398398,0.8523028236236236,0.8689503585585586
0.0,0.0,0.0,0.0,0.0,0.0,0.0,0.0,0.0,0.0,0.0,0.0,0.0,0.0,0.0,0.0,0.0,0.0,0.8659244814814816,0.8613459829829829,0.8415168948948949,0.8435024804804804,0.8279467567567567,0.8463730004004004,0.8448622002002002
0.0,0.0,0.0,0.0,0.0,0.0,0.0,0.0,0.0,0.0,0.0,0.0,0.0,0.0,0.0,0.0,0.0,0.0,0.0,0.857310900900901,0.8561530898898898,0.8640885235235236,0.8500567597597597,0.8600058768768769,0.8624795429429429
0.0,0.0,0.0,0.0,0.0,0.0,0.0,0.0,0.0,0.0,0.0,0.0,0.0,0.0,0.0,0.0,0.0,0.0,0.0,0.0,0.8663981061061061,0.8685506936936936,0.8561125085085085,0.8570756976976978,0.8587144234234235
0.0,0.0,0.0,0.0,0.0,0.0,0.0,0.0,0.0,0.0,0.0,0.0,0.0,0.0,0.0,0.0,0.0,0.0,0.0,0.0,0.0,0.8658392582582581,0.8505847697697697,0.8666382402402403,0.8526810380380382
0.0,0.0,0.0,0.0,0.0,0.0,0.0,0.0,0.0,0.0,0.0,0.0,0.0,0.0,0.0,0.0,0.0,0.0,0.0,0.0,0.0,0.0,0.8647981941941941,0.8718823953953954,0.8703789669669669
0.0,0.0,0.0,0.0,0.0,0.0,0.0,0.0,0.0,0.0,0.0,0.0,0.0,0.0,0.0,0.0,0.0,0.0,0.0,0.0,0.0,0.0,0.0,0.8631694084084084,0.8568083743743743
0.0,0.0,0.0,0.0,0.0,0.0,0.0,0.0,0.0,0.0,0.0,0.0,0.0,0.0,0.0,0.0,0.0,0.0,0.0,0.0,0.0,0.0,0.0,0.0,0.8669344444444446
