0	27	13	3	41	4	8	32	37	39	21	3	9	5	1	2	0	8	4
4	2	7	3	2	7	34	5	0	3	0	4	42	2	32	24	4	5	26
16	24	25	25	2	0	13	6	0	53	5	4	2	7	0	14	35	13	17
45	20	0	5	16	37	23	52	23	10	3	2	10	26	2	35	8	8	1
4	39	42	8	50	0	30	5	5	2	0	11	2	8	17	1	1	2	1
4	17	20	10	24	1	13	6	9	8	8	27	0	29	11	107	22	4	0
2	2	10	31	0	2	27	3	0	11	13	23	3	3	10	19	9	11	3
8	1	10	8	4	2	3	0	0	1	15	0	4	1	10	0	18	19	3
36	1	6	4	6	67	8	7	0	17	2	15	7	46	36	29	1	6	23
3	19	14	5	7	6	4	3	25	8	1	64	12	1	25	9	16	9	26
5	12	2	17	11	43	4	0	11	3	6	0	9	19	0	45	3	7	19
1	17	28	22	6	19	0	27	21	25	6	11	13	5	4	8	23	0	1
13	24	32	19	3	2	32	51	1	0	3	0	38	30	3	0	9	13	2
47	2	50	28	1	24	1	52	13	8	4	2	22	6	19	1	34	48	0
26	12	1	30	5	13	49	0	4	1	8	0	16	13	7	10	34	10	13
4	7	1	0	3	0	14	11	18	9	0	8	8	39	12	43	7	17	45
6	13	13	8	13	4	54	4	17	43	3	3	9	29	35	0	13	23	25
23	23	29	5	25	25	5	25	11	4	53	17	14	0	2	1	86	10	5
4	24	8	8	2	5	31	3	16	8	13	1	28	9	8	8	13	1	6
1	50	20	2	2	3	2	87	14	33	36	4	4	5	3	15	5	35	53
0	12	22	4	8	20	11	16	7	1	2	2	10	5	14	11	15	6	9
2	9	22	0	23	17	4	20	36	13	9	11	5	2	14	6	52	7	13
34	8	9	1	24	1	14	61	3	2	2	14	45	12	3	1	31	47	8
0	25	1	2	1	8	25	6	25	8	6	17	21	53	8	29	25	11	10
33	16	0	0	6	11	5	2	7	13	4	12	20	0	64	132	7	5	4
107	8	3	13	7	50	2	4	36	11	26	4	10	0	22	47	5	10	3
14	24	42	14	5	107	40	9	3	13	13	45	4	1	23	1	1	2	3
70	5	0	0	2	3	8	0	107	29	18	16	1	1	7	16	6	64	4
0	6	3	1	9	35	4	1	3	2	14	8	4	2	2	2	61	1	23
40	5	9	13	4	34	2	2	7	31	48	4	32	5	0	10	19	2	47
46	4	1	4	4	45	2	0	10	9	23	34	1	17	11	11	27	5	4
3	29	4	9	7	3	4	3	24	0	10	1	13	5	2	23	1	18	3
2	3	4	23	3	1	14	0	13	28	43	3	18	14	1	12	24	8	0
2	7	11	14	42	64	46	8	13	8	2	6	2	3	8	28	3	14	0
7	30	8	3	2	6	3	2	33	6	1	1	2	8	5	13	25	19	20
64	19	9	14	28	3	2	3	10	17	9	4	6	6	38	3	1	0	7
15	35	24	23	7	2	3	25	5	10	107	6	40	9	4	8	14	4	0
7	6	3	17	9	22	50	8	5	1	10	2	4	9	1	82	2	33	15
11	14	13	9	14	6	47	0	2	22	26	7	4	19	23	4	3	23	12
1	6	37	13	2	6	0	5	19	4	0	7	53	14	6	14	10	5	1
4	1	2	1	4	8	11	40	9	2	9	10	3	0	34	22	32	10	5
27	5	6	31	8	6	2	16	9	50	3	15	54	45	0	9	16	31	7
6	2	1	25	10	17	40	3	8	25	5	3	37	0	6	25	6	2	10
8	15	2	28	18	37	64	1	10	11	26	6	0	10	6	3	0	26	25
14	2	34	1	12	0	2	4	1	1	0	16	17	2	13	12	43	22	18
38	22	2	10	6	30	5	5	0	40	9	14	6	5	2	9	16	17	15
6	2	1	0	5	3	1	24	11	25	5	0	1	6	25	12	14	53	10
21	41	12	29	2	50	7	15	3	8	4	5	1	16	24	3	64	28	38
27	13	17	33	32	8	0	13	4	2	3	5	5	7	9	13	17	25	2
1	3	48	34	13	23	16	10	5	21	17	21	10	40	27	15	33	2	3
10	6	11	4	3	1	8	8	67	5	10	6	42	0	8	20	52	11	5
6	0	28	14	5	7	13	0	4	1	5	25	2	39	17	28	2	11	3
48	6	10	14	3	4	2	5	40	58	8	3	12	0	4	1	1	2	24
2	3	11	2	9	1	50	5	0	25	3	16	0	5	7	19	1	4	13
28	10	9	13	0	1	30	10	8	7	54	6	4	6	11	5	26	4	53
7	3	25	19	25	2	4	6	16	3	2	7	7	11	4	10	41	0	6
7	27	4	15	17	17	2	12	18	3	56	3	94	13	10	0	16	10	22
36	89	3	6	8	8	19	27	3	4	4	27	1	14	1	5	5	2	1
1	0	4	29	26	4	3	13	41	2	16	11	4	4	22	0	17	12	8
9	10	8	3	1	34	25	8	9	17	25	0	4	33	9	12	0	22	12
4	28	12	6	9	4	11	1	107	18	5	3	2	3	17	0	9	19	4
16	1	5	35	0	24	0	10	61	0	8	20	0	27	35	24	2	50	4
3	13	2	3	35	26	10	3	6	4	87	2	22	13	2	0	10	17	26
19	20	5	2	16	12	6	25	25	28	25	21	1	10	7	11	2	12	1
1	29	3	27	14	0	0	11	4	47	2	5	14	17	16	8	16	17	132
16	1	0	10	17	15	0	3	11	5	0	5	1	11	22	2	13	17	8
22	33	0	14	6	1	5	16	12	5	13	64	7	10	0	7	0	14	6
20	4	2	8	23	12	26	4	27	14	9	4	0	2	23	13	18	23	38
7	5	15	8	10	15	24	0	25	1	33	9	5	2	47	13	5	18	6
25	14	13	8	28	2	5	0	6	23	5	2	15	15	15	42	2	3	1
1	23	2	0	13	0	0	7	13	34	22	0	2	12	1	19	8	17	4
3	5	6	4	23	33	2	14	13	1	6	8	9	9	13	13	28	6	1
1	6	13	14	4	29	3	2	22	1	4	13	19	7	10	10	10	31	5
82	5	13	2	6	21	31	2	15	2	1	20	1	10	7	31	20	14	19
10	34	8	11	11	7	43	1	53	3	0	7	21	4	1	1	6	3	3
16	8	6	15	3	3	12	27	1	3	0	5	30	3	34	3	4	8	7
6	3	17	5	50	10	0	34	17	8	0	11	13	18	15	40	4	11	19
9	24	8	14	4	3	25	16	70	33	1	45	3	6	13	2	4	11	13
0	6	25	2	7	15	2	3	8	3	1	1	1	13	21	2	10	20	4
20	4	17	10	87	6	4	11	25	73	2	7	29	4	22	16	17	14	10
7	10	0	1	36	42	7	64	8	4	4	13	4	0	13	25	32	1	2
4	11	8	7	5	0	0	1	33	1	5	3	1	2	8	42	10	35	10
2	25	94	9	7	13	28	20	21	8	4	14	6	2	2	4	0	5	2
14	3	7	38	2	5	11	5	10	22	14	0	20	3	6	31	21	1	16
14	2	23	10	11	1	12	28	20	9	14	6	29	8	7	27	25	34	20
14	2	39	26	4	13	2	5	0	10	6	25	2	4	3	7	50	0	7
4	2	16	11	22	6	51	2	3	7	0	2	17	0	9	35	3	11	23
12	1	2	19	7	9	12	39	6	4	29	6	1	1	0	25	17	43	4
7	5	2	2	15	25	1	82	4	4	9	8	3	56	10	38	2	5	14
6	14	10	11	8	8	7	12	3	6	46	16	5	4	41	9	22	23	0
10	2	0	4	24	40	6	4	13	1	2	31	27	26	2	1	25	4	25
2	1	22	38	45	28	43	11	19	0	7	3	2	21	27	18	15	19	30
15	1	9	14	2	1	3	16	2	0	7	21	17	1	2	0	13	5	1
10	6	33	3	1	56	13	12	1	2	27	4	16	3	12	17	13	0	3
6	0	17	9	41	13	15	29	1	6	11	0	6	9	3	21	7	38	19
9	2	9	8	24	4	7	2	1	10	4	8	9	33	3	4	4	16	9
4	12	3	1	13	6	28	11	3	4	3	28	14	2	19	26	1	15	7
62	14	1	15	3	11	24	18	19	3	64	20	4	10	19	17	3	47	2
23	7	3	8	22	1	21	35	9	11	10	21	3	1	34	18	12	12	16
11	13	8	1	4	43	24	41	3	22	5	16	2	5	42	29	6	11	3
